232,5
232,4
232,3
232,2
232,1
232,0
231,5
231,4
231,3
231,2
231,1
231,0
230,15
230,14
230,13
230,12
230,11
230,10
230,9
230,8
230,7
230,6
230,5
230,4
230,3
230,2
230,1
230,0
229,3
229,2
229,1
229,0
228,3
228,2
228,1
228,0
227,3
227,2
227,1
227,0
226,3
226,2
226,1
226,0
225,3
225,2
225,1
225,0
224,3
224,2
224,1
224,0
223,12
223,11
223,10
223,9
223,8
223,7
223,6
223,5
223,4
223,3
223,2
223,1
223,0
207,5
207,4
207,3
207,2
207,1
207,0
202,3
202,2
202,1
202,0
4,3
4,2
4,1
4,0
3,6
3,5
3,4
3,3
3,2
3,1
3,0
2,2
1,2
0,433
0,431
0,408
0,401
0,382
0,373
0,369
0,363
0,359
0,351
0,348
0,345
0,343
0,334
0,322
0,319
0,312
0,301
0,243
1,1
1,3
1,0
2,1
2,3
2,0
0,9
0,310
0,305
0,308
0,304
0,303
0,302
0,307
0,12
0,10
0,8
0,0
0,413
0,300
0,412
0,299
0,411
0,298
0,410
0,297
0,407
0,296
0,406
0,295
0,409
0,294
0,405
0,293
0,428
0,292
0,402
0,291
0,404
0,290
0,289
0,400
0,288
0,399
0,287
0,436
0,286
0,398
0,285
0,397
0,284
0,396
0,283
0,282
0,427
0,281
0,434
0,280
0,384
0,279
0,393
0,278
0,392
0,277
0,391
0,276
232,6
232,7
232,9
232,10
232,12
232,13
232,15
232,17
232,18
232,20
232,21
232,23
232,25
232,26
232,28
232,29
232,31
232,32
232,34
232,64
232,65
232,67
232,68
232,70
232,72
232,73
232,75
232,76
232,78
232,79
232,81
232,83
232,84
232,86
232,87
232,89
232,91
232,92
232,94
232,95
232,97
232,98
232,100
232,102
232,103
232,105
232,106
232,108
232,110
232,111
232,113
232,114
232,116
232,118
232,119
232,121
232,122
232,124
232,125
232,127
232,129
232,130
232,132
232,133
232,135
232,137
232,138
232,140
232,141
232,143
232,144
232,146
232,148
232,149
232,151
232,152
232,154
232,156
232,157
232,159
232,160
232,162
232,163
232,165
232,167
232,168
232,170
232,171
232,173
232,175
232,176
232,178
232,179
232,181
232,183
232,184
232,186
232,187
232,189
232,190
232,192
232,194
232,195
232,197
232,198
232,200
232,202
232,203
232,205
232,206
232,208
232,209
232,211
232,213
232,214
232,216
232,217
232,219
232,221
232,222
232,224
232,225
232,227
232,228
232,230
232,232
232,233
232,235
232,236
232,238
232,240
232,241
232,243
232,244
232,246
232,247
232,249
232,251
232,252
232,254
232,255
232,257
232,259
232,260
232,262
232,263
232,265
232,267
232,268
232,270
232,271
232,273
232,274
232,276
232,278
232,279
232,281
232,282
232,284
232,286
232,287
232,289
232,290
232,292
232,293
232,295
232,297
232,298
232,300
232,301
232,303
232,305
232,306
232,308
232,309
232,311
232,312
232,314
232,316
232,317
232,319
232,320
232,322
232,324
232,325
232,327
233,0
233,2
234,0
234,1
234,3
234,4
234,2
233,3
233,1
232,326
232,323
232,321
232,318
232,315
232,313
232,310
232,307
232,304
232,302
232,299
232,296
232,294
232,291
232,288
232,285
232,283
232,280
232,277
232,275
232,272
232,269
232,266
232,264
232,261
232,258
232,256
232,253
232,250
232,248
232,245
232,242
232,239
232,237
232,234
232,231
232,229
232,226
232,223
232,220
232,218
232,215
232,212
232,210
232,207
232,204
232,201
232,199
232,196
232,193
232,191
232,188
232,185
232,182
232,180
232,177
232,174
232,172
232,169
232,166
232,164
232,161
232,158
232,155
232,153
232,150
232,147
232,145
232,142
232,139
232,136
232,134
232,131
232,128
232,126
232,123
232,120
232,117
232,115
232,112
232,109
232,107
232,104
232,101
232,99
232,96
232,93
232,90
232,88
232,85
232,82
232,80
232,77
232,74
232,71
232,69
232,66
232,35
232,33
232,30
232,27
232,24
232,22
232,19
232,16
232,14
232,11
232,8
0,275
0,437
0,274
0,325
0,273
0,389
0,272
0,388
0,271
0,387
0,270
0,432
0,269
0,386
0,268
0,424
0,267
0,415
0,266
0,316
0,265
0,264
0,430
0,263
0,403
0,262
0,381
0,261
0,314
0,260
0,379
0,259
0,354
0,258
0,377
0,257
0,347
0,256
0,374
0,255
0,320
0,254
0,395
0,253
0,438
0,252
0,370
0,251
0,372
0,250
0,249
0,368
0,248
0,367
0,247
0,429
0,246
0,366
0,245
0,365
0,244
0,383
0,242
0,423
0,241
0,422
0,240
0,421
0,239
0,362
0,238
0,361
0,237
0,344
0,236
0,420
0,235
0,426
0,234
0,425
0,233
0,358
0,232
0,357
0,231
0,328
0,230
0,355
0,229
0,419
0,228
0,352
0,227
0,353
0,226
0,341
0,225
0,394
0,224
0,339
0,223
0,418
0,222
0,350
0,221
0,330
0,220
0,380
0,219
0,337
0,218
0,378
0,217
0,416
0,216
0,390
0,215
0,442
0,214
0,441
0,213
0,338
0,212
0,335
0,211
0,324
0,210
0,376
0,209
0,331
0,208
0,364
0,207
0,446
0,206
0,375
0,205
0,385
0,204
0,346
0,203
0,356
0,202
0,329
0,201
0,349
0,200
0,318
0,199
0,336
0,198
0,445
0,197
0,340
0,196
0,440
0,195
0,327
0,194
0,417
0,193
0,443
0,192
0,323
0,63
0,333
0,62
0,439
0,61
0,332
0,60
0,444
0,59
0,326
0,58
0,435
0,57
0,371
0,56
0,360
0,55
0,414
0,54
0,317
0,53
0,342
0,52
0,315
0,51
0,321
0,50
0,313
0,49
0,48
0,311
0,47
0,309
0,46
0,306
0,45
0,6
0,1
0,11
0,4
0,2
0,3
0,7
0,5
